0000000000000000
0000000000000100
0000000000001000
0000000000001100
0000000000010000
0000000000010100
0000000000011000
0000000000011100
0000000000011111
0000000000100011
0000000000100111
0000000000101011
0000000000101111
0000000000110011
0000000000110110
0000000000111010
0000000000111101
0000000001000001
0000000001000100
0000000001001000
0000000001001011
0000000001001110
0000000001010001
0000000001010100
0000000001010111
0000000001011010
0000000001011101
0000000001100000
0000000001100010
0000000001100101
0000000001100111
0000000001101010
0000000001101100
0000000001101110
0000000001110000
0000000001110010
0000000001110100
0000000001110101
0000000001110111
0000000001111000
0000000001111001
0000000001111011
0000000001111100
0000000001111101
0000000001111101
0000000001111110
0000000001111111
0000000001111111
0000000001111111
0000000001111111
0000000001111111
0000000001111111
0000000001111111
0000000001111111
0000000001111110
0000000001111110
0000000001111101
0000000001111100
0000000001111011
0000000001111010
0000000001111001
0000000001111000
0000000001110110
0000000001110100
0000000001110011
0000000001110001
0000000001101111
0000000001101101
0000000001101011
0000000001101001
0000000001100110
0000000001100100
0000000001100001
0000000001011111
0000000001011100
0000000001011001
0000000001010110
0000000001010011
0000000001010000
0000000001001101
0000000001001001
0000000001000110
0000000001000011
0000000000111111
0000000000111100
0000000000111000
0000000000110100
0000000000110001
0000000000101101
0000000000101001
0000000000100101
0000000000100001
0000000000011110
0000000000011010
0000000000010110
0000000000010010
0000000000001110
0000000000001010
0000000000000110
0000000000000010
1111111111111110
1111111111111010
1111111111110110
1111111111110010
1111111111101110
1111111111101010
1111111111100110
1111111111100010
1111111111011111
1111111111011011
1111111111010111
1111111111010011
1111111111001111
1111111111001100
1111111111001000
1111111111000100
1111111111000001
1111111110111101
1111111110111010
1111111110110111
1111111110110011
1111111110110000
1111111110101101
1111111110101010
1111111110100111
1111111110100100
1111111110100001
1111111110011111
1111111110011100
1111111110011010
1111111110010111
1111111110010101
1111111110010011
1111111110010001
1111111110001111
1111111110001101
1111111110001100
1111111110001010
1111111110001000
1111111110000111
1111111110000110
1111111110000101
1111111110000100
1111111110000011
1111111110000010
1111111110000010
1111111110000001
1111111110000001
1111111110000001
1111111110000001
1111111110000001
1111111110000001
1111111110000001
1111111110000001
1111111110000010
1111111110000011
1111111110000011
1111111110000100
1111111110000101
1111111110000111
1111111110001000
1111111110001001
1111111110001011
1111111110001100
1111111110001110
1111111110010000
1111111110010010
1111111110010100
1111111110010110
1111111110011001
1111111110011011
1111111110011110
1111111110100000
1111111110100011
1111111110100110
1111111110101001
1111111110101100
1111111110101111
1111111110110010
1111111110110101
1111111110111000
1111111110111100
1111111110111111
1111111111000011
1111111111000110
1111111111001010
1111111111001101
1111111111010001
1111111111010101
1111111111011001
1111111111011101
1111111111100001
1111111111100100
1111111111101000
1111111111101100
1111111111110000
1111111111110100
1111111111111000
1111111111111100
0000000000000000
